0 - 1: 256 15 310 64 
0 - 2: 173 0 212 29 
1 - 1: 255 15 309 64 
1 - 2: 173 0 211 28 
2 - 1: 255 14 313 67 
2 - 2: 172 0 212 30 
3 - 1: 256 16 318 72 
3 - 2: 170 0 213 33 
4 - 1: 258 19 322 78 
4 - 2: 169 0 217 37 
5 - 1: 260 24 325 84 
5 - 2: 167 1 219 41 
6 - 1: 265 29 331 90 
6 - 2: 166 1 221 44 
7 - 1: 267 32 336 96 
7 - 2: 166 3 222 47 
8 - 1: 269 37 341 104 
8 - 2: 164 5 224 53 
9 - 1: 270 41 346 111 
9 - 2: 165 7 225 57 
10 - 1: 274 45 350 118 
10 - 2: 165 12 224 62 
11 - 1: 279 54 355 125 
11 - 2: 166 17 223 66 
12 - 1: 283 61 358 131 
12 - 2: 166 18 227 71 
13 - 1: 283 65 365 143 
13 - 2: 168 26 227 78 
14 - 1: 287 74 372 155 
14 - 2: 170 30 227 82 
15 - 1: 291 82 378 167 
15 - 2: 170 34 228 87 
16 - 1: 294 89 390 182 
16 - 2: 171 42 229 95 
17 - 1: 300 96 400 192 
17 - 2: 172 47 230 101 
18 - 1: 306 105 406 202 
18 - 2: 173 59 229 111 
19 - 1: 311 116 415 217 
19 - 2: 172 62 230 116 
20 - 1: 314 122 424 230 
20 - 2: 170 65 234 125 
21 - 1: 320 131 426 236 
21 - 2: 170 73 234 132 
22 - 1: 328 142 425 237 
22 - 2: 168 77 237 142 
23 - 1: 337 153 423 237 
23 - 2: 164 75 244 153 
24 - 1: 341 160 428 244 
24 - 2: 163 76 248 160 
25 - 2: 166 91 250 174 
26 - 2: 166 101 250 185 
27 - 2: 165 108 254 198 
28 - 2: 163 107 262 210 
29 - 2: 162 111 264 218 
103 - 3: 222 0 262 14 
107 - 4: 238 0 272 22 
109 - 5: 237 0 277 33 
111 - 6: 226 3 285 41 
112 - 6: 231 4 294 45 
113 - 6: 232 6 297 49 
114 - 6: 234 8 302 53 
115 - 6: 236 13 306 59 
116 - 6: 239 17 308 63 
117 - 6: 241 21 311 69 
118 - 6: 243 27 318 79 
119 - 6: 245 30 322 83 
120 - 6: 247 32 329 90 
121 - 6: 248 35 336 99 
122 - 6: 252 40 338 104 
123 - 6: 256 45 344 111 
124 - 6: 260 52 349 120 
125 - 6: 263 58 354 128 
126 - 6: 265 63 364 141 
127 - 6: 268 68 370 150 
128 - 6: 272 77 377 163 
129 - 6: 278 86 383 173 
130 - 6: 283 93 396 189 
131 - 6: 289 100 409 203 
132 - 6: 294 108 418 216 
133 - 6: 299 120 426 232 
134 - 6: 308 130 429 238 
135 - 6: 312 136 436 247 
206 - 7: 183 0 216 12 
207 - 7: 180 0 220 14 
208 - 7: 178 0 224 17 
209 - 7: 176 0 228 19 
210 - 7: 176 0 233 21 
211 - 7: 172 0 238 25 
212 - 7: 171 0 241 27 
213 - 7: 170 0 243 30 
214 - 7: 169 0 246 34 
215 - 7: 170 3 246 37 
216 - 7: 170 4 249 41 
217 - 7: 170 5 250 44 
218 - 7: 171 7 250 48 
219 - 7: 174 10 251 51 
220 - 7: 174 11 253 55 
221 - 7: 175 15 253 60 
222 - 7: 177 19 253 65 
223 - 7: 180 23 253 68 
224 - 7: 180 25 256 75 
225 - 7: 181 29 257 80 
226 - 7: 183 32 258 85 
227 - 7: 184 37 259 91 
228 - 7: 184 38 262 97 
228 - 8: 212 0 242 9 
229 - 7: 186 43 262 102 
230 - 7: 187 47 265 110 
231 - 7: 192 55 266 116 
231 - 9: 214 0 247 14 
232 - 7: 193 62 268 124 
232 - 9: 210 0 251 17 
233 - 7: 194 66 271 131 
233 - 9: 209 0 254 19 
234 - 7: 196 73 275 141 
234 - 9: 208 0 257 20 
235 - 7: 198 78 279 148 
235 - 9: 208 0 259 22 
236 - 7: 198 81 285 160 
236 - 10: 211 4 256 29 
237 - 7: 201 88 288 169 
237 - 10: 208 1 259 29 
238 - 7: 200 94 294 182 
238 - 10: 209 0 267 32 
239 - 7: 202 100 297 192 
239 - 10: 208 0 271 35 
240 - 7: 203 108 302 205 
240 - 10: 206 0 274 39 
241 - 7: 205 119 306 221 
241 - 10: 204 2 274 43 
242 - 7: 207 127 310 232 
242 - 10: 201 4 275 47 
243 - 7: 214 135 314 239 
243 - 10: 202 7 277 52 
244 - 7: 222 146 312 239 
244 - 10: 206 9 282 56 
245 - 7: 230 161 311 242 
245 - 10: 203 12 282 61 
246 - 7: 232 167 314 249 
246 - 10: 209 17 284 65 
247 - 10: 213 22 288 70 
248 - 10: 215 27 291 78 
249 - 10: 217 29 294 82 
250 - 10: 219 32 297 88 
251 - 10: 219 36 300 94 
252 - 10: 222 40 302 100 
253 - 10: 223 44 305 107 
254 - 10: 223 47 309 115 
255 - 10: 226 53 311 121 
256 - 10: 229 58 316 129 
257 - 10: 229 63 322 140 
258 - 10: 230 68 327 150 
259 - 10: 233 72 332 158 
260 - 10: 236 79 337 169 
261 - 10: 238 87 343 182 
262 - 10: 240 91 351 194 
263 - 10: 242 99 357 208 
264 - 10: 246 106 363 219 
265 - 10: 251 116 368 232 
266 - 10: 252 121 373 240 
286 - 11: 177 0 211 21 
287 - 11: 177 0 214 22 
288 - 11: 177 0 216 24 
289 - 11: 173 0 218 28 
290 - 11: 170 0 220 31 
291 - 11: 172 0 223 33 
292 - 11: 172 0 225 35 
293 - 11: 172 3 226 39 
294 - 11: 173 3 227 41 
295 - 11: 173 6 227 43 
296 - 11: 174 6 230 46 
297 - 11: 175 7 232 49 
298 - 11: 175 8 234 52 
299 - 11: 175 9 235 56 
300 - 11: 176 10 237 58 
301 - 11: 178 15 236 62 
302 - 11: 179 18 235 65 
303 - 11: 179 21 237 70 
304 - 11: 181 24 238 74 
305 - 11: 183 28 241 79 
306 - 11: 183 30 243 84 
307 - 11: 184 34 244 87 
308 - 11: 184 36 246 93 
309 - 11: 185 43 246 99 
310 - 11: 186 48 246 104 
311 - 11: 185 51 249 112 
312 - 11: 186 57 249 118 
313 - 11: 186 62 250 124 
314 - 11: 187 65 253 130 
315 - 11: 188 72 254 138 
316 - 11: 190 78 257 144 
317 - 11: 191 80 260 149 
318 - 11: 190 84 267 162 
319 - 11: 191 89 270 169 
320 - 11: 190 94 274 181 
321 - 11: 191 101 277 191 
322 - 11: 192 106 282 202 
323 - 11: 194 113 286 211 
324 - 11: 199 123 291 223 
325 - 11: 200 127 295 231 
326 - 11: 204 135 297 239 
327 - 11: 205 140 300 246 
331 - 12: 172 0 207 13 
332 - 12: 169 0 209 14 
333 - 12: 166 0 212 17 
334 - 12: 165 0 215 18 
335 - 12: 164 0 218 20 
336 - 12: 163 0 220 22 
337 - 12: 160 0 223 25 
338 - 12: 159 0 224 27 
339 - 12: 158 0 227 29 
340 - 12: 157 0 228 32 
341 - 12: 157 1 229 34 
342 - 12: 158 4 230 38 
343 - 12: 159 3 234 41 
344 - 12: 160 3 234 42 
345 - 12: 159 3 237 46 
346 - 12: 161 3 238 48 
347 - 12: 161 3 239 51 
348 - 12: 159 4 240 55 
349 - 12: 160 4 241 59 
350 - 12: 162 9 240 63 
351 - 12: 163 9 242 68 
352 - 12: 163 11 243 72 
353 - 12: 164 12 245 75 
354 - 12: 165 14 246 80 
355 - 12: 167 21 243 85 
356 - 12: 167 24 243 90 
357 - 12: 169 26 246 96 
358 - 12: 171 28 248 99 
359 - 12: 171 26 253 105 
360 - 12: 175 33 252 110 
361 - 12: 175 35 254 116 
361 - 13: 232 0 265 15 
362 - 12: 174 36 256 120 
362 - 13: 229 0 268 17 
363 - 13: 229 0 271 18 
364 - 13: 233 0 274 19 
364 - 14: 189 46 249 139 
365 - 13: 232 0 277 21 
366 - 13: 232 0 281 23 
367 - 13: 231 0 284 25 
367 - 15: 147 0 175 10 
368 - 13: 231 0 287 26 
368 - 15: 144 0 179 12 
369 - 15: 142 0 180 13 
370 - 15: 141 0 182 14 
371 - 15: 139 0 184 16 
372 - 15: 136 0 185 18 
372 - 16: 251 4 286 42 
373 - 15: 135 0 186 19 
373 - 16: 251 5 286 43 
374 - 15: 131 0 189 23 
374 - 16: 251 7 288 47 
375 - 15: 129 0 191 26 
375 - 16: 252 9 290 50 
376 - 15: 128 0 193 27 
376 - 16: 254 11 294 55 
377 - 15: 126 0 195 31 
377 - 16: 258 17 299 60 
378 - 15: 126 1 195 33 
378 - 16: 259 20 301 64 
379 - 15: 125 1 197 36 
379 - 16: 261 23 304 67 
380 - 15: 125 3 196 39 
380 - 16: 262 26 306 72 
381 - 15: 126 4 197 41 
381 - 16: 264 29 311 78 
382 - 15: 125 6 198 45 
382 - 16: 267 32 314 81 
383 - 15: 125 8 197 49 
383 - 16: 270 36 317 84 
384 - 12: 142 10 184 55 
384 - 15: 124 8 199 51 
384 - 16: 271 39 322 90 
385 - 12: 140 11 181 55 
385 - 16: 273 42 328 98 
386 - 12: 141 16 180 58 
386 - 16: 275 47 333 104 
387 - 12: 141 20 181 62 
387 - 16: 278 51 337 111 
388 - 12: 141 23 181 66 
388 - 16: 279 54 343 119 
389 - 12: 140 25 183 71 
389 - 16: 283 59 348 124 
390 - 12: 140 30 183 77 
390 - 16: 286 63 355 133 
391 - 12: 140 34 183 81 
391 - 16: 288 67 361 141 
392 - 12: 140 37 184 85 
392 - 16: 293 74 364 146 
393 - 12: 138 40 185 91 
393 - 16: 296 80 372 157 
394 - 12: 138 45 185 97 
394 - 16: 300 86 379 167 
395 - 12: 137 48 186 102 
395 - 16: 303 92 389 179 
396 - 12: 135 51 187 108 
396 - 16: 310 101 397 189 
397 - 12: 134 53 189 115 
397 - 16: 317 110 405 199 
398 - 12: 132 58 190 123 
398 - 16: 322 117 413 208 
399 - 12: 131 62 191 129 
399 - 16: 325 126 423 224 
400 - 12: 130 69 191 137 
400 - 16: 329 135 427 234 
401 - 12: 129 73 192 144 
401 - 16: 331 139 433 243 
402 - 12: 128 78 193 151 
402 - 16: 341 151 427 239 
403 - 12: 125 82 195 161 
403 - 16: 348 161 429 244 
404 - 12: 124 88 197 171 
404 - 16: 352 167 434 251 
405 - 12: 122 94 199 182 
406 - 12: 121 100 201 193 
407 - 12: 119 106 202 204 
408 - 12: 116 114 204 220 
409 - 12: 115 119 209 233 
410 - 12: 117 127 210 241 
411 - 12: 119 137 205 243 
412 - 12: 117 142 206 250 
415 - 17: 122 182 199 238 
416 - 17: 133 193 194 237 
427 - 18: 168 0 210 15 
428 - 18: 166 0 212 16 
429 - 18: 164 0 215 18 
430 - 18: 162 0 217 19 
431 - 18: 161 0 220 21 
432 - 18: 161 0 221 22 
433 - 18: 160 0 224 23 
434 - 18: 157 0 229 27 
435 - 18: 156 0 231 29 
436 - 18: 156 0 232 30 
437 - 18: 155 0 234 31 
438 - 19: 173 0 224 34 
439 - 19: 170 0 228 38 
440 - 19: 169 1 228 41 
441 - 19: 168 2 230 43 
442 - 19: 169 2 232 45 
443 - 19: 168 2 234 47 
448 - 20: 175 10 231 69 
449 - 20: 175 10 232 71 
456 - 21: 180 8 248 104 
457 - 21: 174 19 245 119 
458 - 21: 175 28 242 121 
459 - 21: 175 33 240 124 
465 - 22: 150 0 181 14 
466 - 22: 148 0 183 15 
467 - 22: 147 0 186 17 
468 - 22: 146 0 187 18 
469 - 19: 152 0 183 20 
469 - 22: 145 0 188 19 
470 - 19: 151 0 183 21 
471 - 19: 149 1 184 24 
472 - 19: 148 1 186 26 
473 - 19: 147 1 187 28 
474 - 19: 147 0 188 29 
475 - 19: 145 0 189 31 
476 - 19: 146 1 190 33 
477 - 19: 146 2 190 35 
478 - 19: 146 4 190 38 
479 - 19: 146 7 190 41 
480 - 19: 144 4 195 45 
481 - 19: 146 6 192 44 
482 - 19: 144 7 195 49 
483 - 19: 144 8 196 52 
484 - 19: 143 9 196 55 
485 - 19: 143 10 197 58 
486 - 19: 144 15 196 61 
487 - 19: 145 18 197 64 
488 - 19: 146 21 196 67 
489 - 19: 145 24 196 70 
490 - 19: 145 26 196 74 
491 - 19: 145 30 197 78 
492 - 19: 145 32 199 82 
493 - 19: 145 35 199 86 
494 - 19: 144 37 199 89 
495 - 19: 144 39 200 94 
496 - 19: 143 42 201 99 
497 - 19: 143 45 201 103 
498 - 19: 142 48 202 108 
499 - 19: 142 51 204 114 
500 - 19: 142 56 204 120 
501 - 19: 142 62 204 125 
502 - 19: 142 65 206 131 
503 - 19: 141 71 207 139 
504 - 19: 141 76 207 145 
505 - 19: 143 80 208 148 
506 - 19: 139 82 213 160 
507 - 19: 138 87 215 170 
508 - 19: 136 92 218 181 
509 - 19: 135 96 220 190 
510 - 19: 135 101 224 201 
511 - 19: 135 107 225 210 
512 - 19: 134 114 228 224 
513 - 19: 133 119 229 233 
514 - 19: 135 128 229 241 
515 - 19: 140 133 229 243 
516 - 19: 143 139 229 245 
517 - 19: 143 143 231 252 
577 - 23: 382 0 427 32 
598 - 24: 229 0 276 36 
623 - 25: 287 97 384 185 
626 - 26: 307 138 419 219 
636 - 27: 167 0 198 13 
637 - 27: 164 0 201 15 
638 - 27: 162 0 205 18 
639 - 27: 160 0 208 20 
640 - 27: 158 0 211 23 
641 - 27: 156 0 213 25 
642 - 27: 153 0 216 29 
643 - 27: 153 0 220 31 
644 - 27: 153 0 223 33 
645 - 27: 153 2 224 39 
646 - 27: 154 4 225 41 
647 - 27: 152 6 225 46 
648 - 27: 152 8 225 49 
649 - 27: 151 8 227 53 
650 - 27: 154 14 225 58 
651 - 27: 156 17 226 61 
652 - 27: 158 20 226 65 
653 - 27: 158 23 227 70 
654 - 27: 158 28 227 76 
655 - 27: 159 31 228 81 
656 - 27: 159 33 229 86 
657 - 27: 159 37 231 93 
658 - 27: 161 42 232 99 
659 - 27: 162 46 233 105 
660 - 27: 161 50 236 113 
661 - 27: 162 56 237 120 
662 - 27: 163 60 238 127 
663 - 27: 163 64 240 134 
664 - 27: 165 73 241 143 
665 - 27: 161 75 247 156 
666 - 27: 161 82 248 166 
667 - 27: 163 89 251 176 
668 - 27: 164 96 255 188 
669 - 27: 165 104 260 201 
670 - 27: 164 113 263 218 
670 - 28: 225 0 256 11 
671 - 27: 167 128 262 228 
671 - 28: 222 0 260 13 
672 - 27: 170 136 266 238 
673 - 27: 174 145 265 241 
674 - 27: 175 151 267 249 
677 - 29: 189 193 273 238 
677 - 30: 232 1 269 29 
680 - 31: 237 3 279 36 
682 - 32: 246 8 281 45 
683 - 32: 247 8 284 48 
684 - 32: 247 12 284 52 
685 - 32: 249 16 288 57 
686 - 32: 251 18 292 61 
687 - 32: 253 22 295 66 
688 - 32: 253 25 298 72 
689 - 32: 255 31 301 77 
690 - 32: 258 35 305 82 
691 - 32: 260 39 310 88 
692 - 32: 261 43 315 97 
693 - 32: 263 47 320 104 
694 - 32: 264 51 326 112 
695 - 32: 268 57 330 118 
696 - 32: 271 61 337 127 
697 - 32: 274 68 342 136 
698 - 32: 278 74 348 144 
699 - 32: 284 80 355 151 
700 - 32: 284 85 364 165 
701 - 32: 287 91 375 180 
702 - 32: 292 98 383 191 
703 - 32: 297 105 396 207 
703 - 33: 186 0 218 12 
704 - 32: 308 120 405 219 
704 - 33: 185 0 219 12 
705 - 32: 314 131 414 231 
705 - 33: 184 0 222 14 
706 - 32: 321 139 418 237 
706 - 33: 182 0 227 17 
707 - 32: 324 145 424 245 
707 - 33: 181 0 231 19 
708 - 33: 180 0 233 21 
709 - 33: 179 0 236 23 
710 - 33: 179 0 238 25 
711 - 33: 177 0 240 28 
712 - 33: 174 0 243 31 
713 - 33: 177 0 246 33 
714 - 33: 176 0 249 34 
715 - 34: 197 3 231 41 
717 - 35: 192 3 231 45 
718 - 35: 193 3 235 48 
719 - 35: 194 4 237 51 
720 - 35: 195 6 239 54 
721 - 35: 194 7 241 58 
722 - 35: 195 12 242 63 
722 - 36: 383 0 427 26 
723 - 35: 196 14 243 66 
724 - 35: 197 18 244 70 
725 - 35: 198 21 246 75 
726 - 35: 198 25 248 80 
727 - 35: 199 28 249 84 
728 - 35: 200 30 251 87 
730 - 35: 201 39 256 100 
731 - 35: 202 40 258 105 
732 - 35: 199 44 258 112 
733 - 35: 203 53 260 117 
734 - 35: 204 55 264 124 
735 - 35: 205 60 267 130 
736 - 35: 207 63 271 136 
737 - 35: 209 74 271 143 
738 - 35: 209 73 279 153 
739 - 35: 209 77 284 164 
740 - 35: 209 87 286 177 
741 - 35: 210 90 292 185 
742 - 35: 212 101 294 199 
743 - 35: 214 114 298 214 
744 - 35: 216 117 306 225 
745 - 35: 216 117 312 234 
746 - 35: 220 121 316 239 
747 - 35: 221 126 320 247 
758 - 37: 222 0 256 14 
759 - 37: 221 0 259 15 
760 - 37: 219 0 263 18 
761 - 37: 218 0 265 19 
765 - 38: 230 0 269 29 
766 - 38: 233 0 273 29 
769 - 39: 181 0 208 9 
770 - 39: 179 0 209 9 
771 - 39: 177 0 211 11 
772 - 39: 174 0 214 13 
773 - 39: 172 0 216 15 
774 - 39: 169 0 221 18 
775 - 39: 169 0 224 19 
775 - 40: 248 10 286 57 
776 - 39: 167 0 225 21 
776 - 40: 248 11 286 59 
777 - 39: 167 0 227 23 
777 - 40: 248 17 286 63 
778 - 39: 167 0 228 25 
778 - 40: 250 20 289 68 
779 - 39: 166 0 231 27 
779 - 40: 251 23 290 71 
780 - 39: 165 0 233 29 
781 - 39: 166 0 233 31 
782 - 39: 166 1 233 33 
783 - 39: 165 1 236 36 
784 - 39: 167 1 236 37 
784 - 40: 261 40 311 101 
785 - 39: 170 5 234 39 
785 - 40: 261 42 315 106 
786 - 39: 170 7 233 43 
786 - 40: 264 45 319 111 
787 - 39: 171 9 232 45 
787 - 40: 267 51 324 120 
788 - 39: 172 11 233 48 
788 - 40: 270 54 330 125 
789 - 39: 175 14 234 51 
789 - 40: 270 57 334 133 
790 - 39: 174 13 236 55 
790 - 40: 273 63 339 142 
791 - 39: 176 17 236 57 
791 - 40: 276 67 344 147 
792 - 39: 177 20 234 60 
792 - 40: 278 71 350 155 
793 - 39: 177 23 235 64 
793 - 40: 279 75 357 166 
794 - 39: 179 24 236 66 
794 - 40: 282 86 362 179 
795 - 39: 179 27 238 71 
795 - 40: 290 95 366 185 
796 - 39: 180 30 239 76 
796 - 40: 292 102 374 197 
797 - 39: 180 32 240 80 
797 - 40: 295 107 384 210 
798 - 39: 181 35 241 83 
798 - 40: 300 116 393 224 
799 - 39: 184 39 242 86 
799 - 40: 311 126 405 233 
800 - 39: 182 39 245 93 
800 - 40: 317 134 410 237 
801 - 39: 183 43 246 98 
801 - 40: 322 141 412 238 
802 - 39: 184 45 248 102 
802 - 40: 327 150 411 238 
803 - 39: 185 49 250 107 
803 - 40: 334 158 412 237 
804 - 39: 184 51 253 114 
804 - 40: 338 164 416 243 
805 - 39: 187 58 251 118 
806 - 39: 188 65 251 124 
807 - 39: 190 73 252 132 
808 - 39: 190 78 254 138 
809 - 39: 190 82 256 145 
810 - 39: 191 88 259 153 
811 - 39: 192 94 262 160 
812 - 39: 191 95 268 169 
813 - 39: 190 100 272 181 
814 - 39: 190 104 276 190 
815 - 39: 190 108 280 201 
816 - 39: 192 113 286 211 
817 - 39: 192 120 290 225 
818 - 39: 195 124 296 235 
819 - 39: 195 128 299 243 
842 - 41: 178 0 205 8 
843 - 41: 177 0 207 8 
844 - 41: 175 0 210 10 
845 - 41: 172 0 213 12 
846 - 41: 171 0 216 13 
847 - 41: 168 0 220 16 
848 - 41: 166 0 223 18 
849 - 41: 165 0 224 19 
850 - 41: 166 0 225 21 
851 - 41: 165 1 228 24 
852 - 41: 163 0 231 25 
853 - 41: 161 0 234 28 
854 - 41: 161 0 235 30 
855 - 41: 160 0 237 33 
856 - 41: 161 1 237 36 
857 - 41: 165 2 235 36 
858 - 41: 165 4 236 40 
859 - 41: 165 6 235 43 
860 - 41: 165 7 238 47 
861 - 41: 166 9 238 50 
862 - 41: 167 11 237 53 
863 - 41: 167 11 239 57 
864 - 41: 170 16 238 60 
865 - 41: 173 19 237 62 
866 - 41: 175 22 239 66 
867 - 41: 177 25 240 70 
868 - 41: 177 27 241 74 
869 - 41: 178 30 241 78 
870 - 41: 179 34 242 82 
871 - 41: 179 38 243 87 
872 - 41: 180 40 246 93 
873 - 41: 181 43 248 98 
873 - 42: 223 0 255 13 
874 - 41: 180 43 250 101 
874 - 42: 221 0 257 14 
875 - 41: 181 45 252 107 
875 - 42: 220 0 261 16 
876 - 41: 182 47 255 112 
876 - 42: 220 0 264 18 
877 - 41: 185 55 254 117 
877 - 42: 219 0 268 20 
878 - 41: 187 62 255 124 
878 - 42: 220 0 271 22 
879 - 41: 188 65 258 130 
879 - 42: 220 0 274 23 
880 - 41: 189 70 261 138 
880 - 42: 220 0 278 26 
881 - 41: 190 76 262 145 
881 - 42: 220 0 281 29 
882 - 41: 190 81 264 151 
882 - 42: 220 0 286 32 
883 - 41: 191 85 269 161 
883 - 42: 220 1 288 35 
884 - 41: 192 90 273 170 
884 - 42: 225 5 288 37 
885 - 41: 192 93 278 180 
885 - 42: 226 7 290 40 
886 - 41: 194 99 283 190 
886 - 42: 226 8 291 43 
887 - 41: 196 105 287 200 
887 - 42: 227 9 297 48 
888 - 41: 197 109 293 210 
888 - 42: 230 12 300 52 
889 - 41: 198 116 297 222 
889 - 42: 230 13 303 56 
890 - 41: 200 124 301 233 
890 - 42: 237 18 303 59 
891 - 41: 206 133 302 239 
891 - 42: 240 21 305 61 
892 - 41: 211 142 303 243 
892 - 42: 242 24 308 66 
893 - 41: 219 156 297 238 
893 - 42: 245 27 311 71 
894 - 41: 226 166 300 241 
894 - 42: 248 33 313 77 
895 - 41: 232 175 299 240 
895 - 42: 251 36 316 81 
896 - 41: 237 183 298 239 
896 - 42: 252 38 321 86 
897 - 41: 243 193 296 238 
897 - 42: 254 43 325 94 
898 - 41: 251 206 292 237 
898 - 42: 257 47 328 99 
899 - 41: 257 215 289 239 
899 - 42: 259 50 334 106 
900 - 42: 264 58 337 113 
901 - 42: 267 60 343 119 
902 - 42: 268 62 352 128 
903 - 42: 273 70 355 135 
904 - 42: 277 76 361 144 
905 - 42: 279 83 367 154 
906 - 42: 282 86 377 165 
907 - 42: 286 94 383 177 
908 - 42: 293 103 393 187 
909 - 42: 298 110 404 201 
909 - 43: 384 0 427 25 
910 - 42: 301 117 410 211 
910 - 43: 385 0 426 24 
911 - 42: 307 127 423 227 
912 - 42: 315 136 427 234 
912 - 44: 191 0 227 13 
913 - 42: 318 141 434 242 
913 - 44: 189 0 230 14 
914 - 44: 187 0 234 17 
915 - 44: 184 0 237 19 
916 - 44: 184 0 241 21 
917 - 44: 184 0 242 22 
918 - 44: 184 0 245 23 
919 - 44: 184 0 247 25 
920 - 44: 180 0 252 30 
921 - 44: 178 0 255 34 
922 - 44: 178 0 258 37 
923 - 44: 178 0 260 40 
924 - 44: 178 0 262 42 
925 - 44: 179 1 261 45 
926 - 44: 180 3 262 49 
927 - 44: 181 5 263 54 
928 - 44: 182 7 263 58 
929 - 44: 183 11 264 63 
930 - 44: 187 15 263 67 
931 - 44: 187 18 264 72 
932 - 44: 188 21 265 77 
933 - 44: 191 25 266 82 
934 - 44: 191 27 269 87 
935 - 44: 192 29 271 92 
936 - 44: 192 31 274 98 
937 - 44: 193 35 277 105 
938 - 44: 194 40 278 112 
939 - 44: 198 44 281 117 
940 - 44: 201 52 281 124 
941 - 44: 202 55 287 134 
942 - 44: 204 60 289 140 
943 - 44: 204 64 295 152 
944 - 44: 204 69 298 161 
945 - 44: 205 75 303 173 
945 - 45: 200 0 229 12 
946 - 44: 205 82 308 188 
946 - 45: 198 0 231 13 
947 - 44: 205 93 313 204 
947 - 45: 198 0 234 14 
948 - 44: 207 98 319 217 
948 - 45: 196 0 237 17 
949 - 44: 210 106 325 230 
949 - 45: 194 0 241 20 
950 - 44: 217 114 329 237 
950 - 45: 196 0 244 21 
951 - 44: 225 120 333 240 
951 - 45: 196 0 246 22 
952 - 44: 234 133 330 237 
952 - 45: 195 0 249 25 
953 - 44: 241 145 329 239 
953 - 45: 195 0 250 26 
954 - 44: 249 163 326 239 
954 - 45: 193 0 254 31 
955 - 44: 257 173 324 237 
955 - 45: 193 2 256 34 
956 - 44: 262 181 325 241 
956 - 45: 192 2 259 36 
957 - 46: 261 204 342 239 
958 - 47: 209 8 245 47 
959 - 47: 211 9 248 50 
960 - 47: 210 10 250 53 
961 - 47: 210 15 250 58 
962 - 47: 211 17 253 61 
963 - 47: 211 20 254 66 
964 - 47: 210 22 255 71 
965 - 47: 212 28 258 77 
966 - 47: 214 31 261 81 
967 - 47: 216 35 264 85 
968 - 47: 217 43 266 94 
969 - 47: 218 46 268 99 
970 - 47: 219 49 272 105 
971 - 47: 220 53 278 114 
972 - 47: 222 57 281 119 
973 - 47: 220 57 288 130 
974 - 47: 225 68 289 136 
975 - 47: 227 75 292 144 
976 - 47: 229 79 298 152 
977 - 47: 229 85 304 164 
978 - 47: 233 93 309 174 
979 - 47: 234 98 316 184 
980 - 47: 236 104 324 199 
981 - 47: 238 115 330 215 
982 - 47: 240 121 338 228 
983 - 47: 245 125 347 238 
984 - 47: 246 130 352 247 
989 - 48: 388 0 426 24 
993 - 49: 183 0 211 8 
994 - 49: 181 0 212 8 
995 - 49: 180 0 213 9 
996 - 49: 178 0 215 10 
997 - 49: 176 0 218 12 
998 - 49: 176 0 221 13 
999 - 49: 175 0 223 14 
1000 - 49: 175 0 225 16 
1001 - 49: 174 0 228 18 
1002 - 49: 173 0 230 19 
1006 - 50: 186 0 221 30 
1007 - 50: 186 0 223 31 
1008 - 50: 187 0 224 31 
1009 - 50: 187 0 226 34 
1010 - 50: 187 0 228 35 
1011 - 50: 188 1 228 36 
1012 - 50: 187 3 230 40 
1013 - 50: 187 5 230 43 
1014 - 50: 188 6 232 45 
1015 - 50: 188 8 232 47 
1016 - 50: 188 9 234 49 
1017 - 50: 189 11 236 54 
1018 - 50: 190 13 237 56 
1019 - 50: 191 18 237 60 
1020 - 50: 192 21 238 63 
1021 - 50: 192 23 240 67 
1022 - 50: 193 25 242 70 
1023 - 50: 194 31 241 75 
1024 - 50: 194 33 243 77 
1025 - 50: 195 36 245 81 
1026 - 50: 194 36 248 85 
1027 - 50: 194 38 250 89 
1028 - 50: 196 45 250 94 
1029 - 50: 198 49 252 98 
1030 - 50: 197 50 254 103 
1030 - 51: 384 0 428 31 
1031 - 50: 195 51 258 109 
1031 - 51: 382 0 425 30 
1032 - 50: 200 59 259 114 
1032 - 51: 384 0 423 26 
1033 - 50: 201 63 261 118 
1033 - 51: 384 0 420 25 
1034 - 50: 200 64 265 124 
1034 - 51: 386 0 419 22 
1035 - 50: 200 66 268 130 
1035 - 51: 388 0 417 20 
1036 - 50: 201 73 269 136 
1037 - 50: 202 77 271 143 
1038 - 50: 203 81 275 149 
1039 - 50: 205 88 277 157 
1040 - 50: 201 88 283 167 
1041 - 50: 208 102 283 175 
1042 - 50: 206 101 289 184 
1043 - 50: 205 103 294 193 
1044 - 50: 205 106 300 204 
1045 - 50: 206 110 304 214 
1046 - 50: 206 114 308 220 
1046 - 52: 173 0 205 14 
1047 - 52: 172 0 206 14 
1048 - 52: 170 0 209 17 
1049 - 52: 168 0 212 19 
1050 - 52: 168 0 214 20 
1051 - 52: 166 0 215 22 
1052 - 52: 164 0 218 25 
1053 - 52: 163 0 220 27 
1054 - 53: 174 0 209 32 
1056 - 54: 176 1 210 36 
1057 - 51: 383 0 429 31 
1057 - 54: 176 1 210 36 
1058 - 51: 385 0 426 28 
1058 - 54: 177 2 215 41 
1059 - 51: 386 0 425 25 
1059 - 54: 176 3 216 44 
1060 - 51: 386 0 425 25 
1060 - 54: 176 4 218 47 
1061 - 54: 175 5 219 51 
1062 - 54: 176 8 221 55 
1063 - 54: 176 12 222 60 
1064 - 54: 176 13 223 65 
1065 - 54: 175 15 224 69 
1066 - 54: 175 17 226 73 
1067 - 54: 175 21 226 77 
1068 - 54: 175 24 227 83 
1069 - 54: 176 28 228 87 
1070 - 54: 177 32 230 92 
1071 - 54: 178 38 231 100 
1072 - 54: 179 41 232 104 
1073 - 54: 180 45 233 108 
1074 - 54: 181 49 235 113 
1075 - 54: 178 54 235 123 
1076 - 54: 174 54 239 133 
1077 - 54: 172 58 242 145 
1078 - 54: 175 62 247 153 
1079 - 54: 173 72 246 164 
1080 - 54: 173 85 246 177 
1081 - 54: 172 86 251 188 
1082 - 54: 173 99 253 200 
1083 - 54: 178 119 250 210 
1084 - 54: 173 117 258 225 
1085 - 54: 178 132 260 235 
1085 - 55: 169 0 197 13 
1086 - 54: 181 135 265 240 
1087 - 54: 181 140 267 248 
1087 - 56: 170 0 198 17 
1088 - 56: 169 0 198 18 
1089 - 56: 168 1 200 20 
1090 - 56: 168 3 201 24 
1091 - 56: 165 1 206 26 
1092 - 56: 163 0 208 28 
1093 - 56: 163 1 209 30 
1094 - 56: 163 3 209 33 
1095 - 56: 163 5 211 37 
1096 - 56: 164 7 212 40 
1097 - 56: 165 9 212 43 
1098 - 56: 165 11 213 46 
1099 - 56: 165 13 213 49 
1100 - 56: 166 16 214 53 
1101 - 56: 165 19 214 57 
1102 - 56: 165 22 215 62 
1103 - 56: 164 25 216 66 
1104 - 56: 164 28 217 72 
1105 - 56: 165 33 217 76 
1106 - 56: 167 37 218 81 
1107 - 56: 166 40 219 86 
1108 - 56: 165 45 220 93 
1109 - 56: 166 49 220 98 
1110 - 56: 165 54 222 105 
1111 - 56: 163 55 225 113 
1112 - 56: 165 61 226 118 
1113 - 56: 165 66 227 126 
1114 - 56: 164 72 229 135 
1115 - 56: 165 78 231 143 
1116 - 56: 164 86 232 154 
1117 - 56: 164 93 233 161 
1118 - 56: 161 97 237 174 
1119 - 56: 159 104 240 187 
1120 - 56: 158 110 243 199 
1121 - 56: 155 117 248 216 
1122 - 56: 155 125 251 230 
1123 - 56: 159 138 250 236 
1124 - 56: 163 145 251 240 
1125 - 56: 162 151 253 248 
1127 - 57: 166 185 250 240 
1135 - 58: 166 0 205 23 
1136 - 58: 169 0 207 23 
1137 - 58: 166 0 212 26 
1138 - 58: 166 0 214 28 
1139 - 59: 170 0 209 32 
1140 - 59: 171 1 209 32 
1163 - 60: 166 52 253 165 
1164 - 60: 162 54 254 173 
1166 - 61: 165 99 257 198 
1190 - 62: 386 0 426 23 
1197 - 63: 180 0 210 13 
1198 - 63: 179 0 210 13 
1201 - 64: 182 0 213 21 
1202 - 64: 181 0 214 21 
1202 - 65: 228 0 263 30 
1203 - 64: 180 1 215 25 
1203 - 65: 230 0 264 30 
1204 - 64: 179 1 218 27 
1204 - 65: 230 1 267 33 
1205 - 64: 179 1 219 29 
1205 - 65: 231 2 270 36 
1206 - 64: 178 1 222 31 
1206 - 65: 234 5 273 39 
1207 - 64: 177 1 224 34 
1207 - 65: 236 9 275 42 
1208 - 64: 178 3 226 38 
1208 - 65: 238 10 278 45 
1209 - 64: 180 4 225 36 
1209 - 65: 240 12 280 47 
1210 - 64: 179 5 227 40 
1211 - 64: 180 7 229 43 
1212 - 64: 182 9 227 43 
1212 - 65: 245 23 292 63 
1213 - 64: 180 9 231 49 
1213 - 65: 246 26 295 69 
1214 - 64: 180 10 234 53 
1214 - 65: 248 28 299 73 
1215 - 64: 181 13 235 55 
1215 - 65: 251 34 301 77 
1216 - 64: 182 17 235 60 
1216 - 65: 253 37 306 83 
1217 - 64: 182 21 236 65 
1217 - 65: 255 41 311 90 
1218 - 64: 183 25 236 70 
1218 - 65: 256 45 316 97 
1219 - 64: 187 31 238 74 
1219 - 65: 259 49 320 104 
1220 - 64: 188 33 240 78 
1220 - 65: 260 53 325 112 
1221 - 64: 189 36 241 81 
1221 - 65: 265 61 329 118 
1222 - 64: 190 38 243 85 
1222 - 65: 269 64 338 127 
1223 - 64: 190 44 246 94 
1223 - 65: 271 69 345 136 
1224 - 64: 189 46 249 99 
1224 - 65: 275 75 351 145 
1225 - 64: 189 47 251 103 
1225 - 65: 280 84 357 155 
1226 - 64: 188 48 253 109 
1226 - 65: 285 89 367 166 
1227 - 64: 190 56 254 115 
1227 - 65: 288 99 374 180 
1228 - 64: 193 61 257 121 
1228 - 65: 293 107 384 193 
1229 - 64: 193 63 260 127 
1229 - 65: 301 115 398 207 
1230 - 64: 194 71 261 134 
1230 - 65: 304 125 408 223 
1231 - 64: 195 76 264 142 
1231 - 65: 315 137 417 233 
1232 - 64: 197 80 267 149 
1232 - 65: 322 144 420 236 
1233 - 64: 196 84 274 162 
1233 - 65: 331 155 420 237 
1234 - 64: 198 93 277 173 
1234 - 65: 336 162 426 245 
1235 - 64: 199 97 282 182 
1236 - 64: 200 102 286 192 
1237 - 64: 200 106 291 203 
1238 - 64: 201 116 295 216 
1239 - 64: 203 123 299 227 
1240 - 64: 206 132 302 239 
1241 - 64: 214 137 309 243 
1242 - 64: 216 142 312 250 
1244 - 66: 226 176 312 237 
1245 - 66: 233 184 309 237 
1246 - 66: 242 195 301 236 
1247 - 66: 247 200 297 235 
1258 - 67: 384 0 427 32 
1266 - 68: 173 0 200 14 
1268 - 69: 174 0 201 15 
1269 - 69: 172 0 204 17 
1270 - 69: 171 0 205 19 
1271 - 69: 170 0 207 20 
1272 - 69: 169 0 209 22 
1273 - 69: 168 0 212 25 
1274 - 69: 165 0 214 29 
1275 - 69: 165 0 215 30 
1276 - 69: 166 1 214 31 
1277 - 69: 166 2 215 33 
1278 - 69: 167 4 214 36 
1279 - 69: 167 6 214 39 
1280 - 69: 167 7 215 41 
1281 - 69: 167 9 216 44 
1282 - 69: 169 13 215 47 
1283 - 69: 168 12 219 51 
1284 - 69: 170 15 218 52 
1285 - 69: 170 18 220 57 
1286 - 69: 172 20 221 60 
1286 - 70: 396 0 425 26 
1287 - 69: 172 22 223 64 
1287 - 70: 392 0 420 24 
1288 - 69: 173 25 222 66 
1289 - 69: 172 28 222 71 
1290 - 69: 173 32 223 75 
1290 - 71: 383 0 424 20 
1291 - 69: 173 35 224 79 
1292 - 69: 174 39 224 83 
1293 - 69: 175 41 227 88 
1294 - 69: 175 45 229 94 
1295 - 69: 176 48 230 98 
1296 - 69: 177 51 232 102 
1297 - 69: 176 53 234 107 
1298 - 69: 178 59 236 114 
1299 - 69: 179 63 236 119 
1300 - 69: 179 67 239 126 
1301 - 69: 181 73 240 132 
1302 - 69: 179 79 242 140 
1302 - 72: 395 4 425 32 
1302 - 73: 205 0 229 10 
1303 - 69: 180 82 247 149 
1303 - 73: 202 0 230 11 
1304 - 69: 182 88 249 155 
1304 - 73: 201 0 232 12 
1304 - 74: 384 1 426 31 
1305 - 69: 183 94 251 163 
1305 - 73: 198 0 236 15 
1306 - 69: 180 97 257 176 
1306 - 73: 197 0 239 17 
1306 - 75: 385 0 425 24 
1307 - 69: 179 101 260 186 
1307 - 73: 196 0 243 20 
1307 - 75: 383 0 424 24 
1308 - 69: 179 108 264 198 
1308 - 73: 196 0 245 21 
1308 - 75: 384 0 422 22 
1309 - 69: 181 118 268 213 
1309 - 73: 196 0 249 24 
1309 - 75: 384 0 421 21 
1310 - 69: 184 125 273 222 
1310 - 73: 196 0 251 26 
1311 - 69: 184 133 277 236 
1311 - 73: 196 0 254 29 
1312 - 69: 187 137 280 241 
1312 - 73: 198 2 257 32 
1313 - 69: 188 142 283 249 
1313 - 73: 200 3 257 34 
1314 - 73: 203 5 257 34 
1315 - 73: 203 7 259 39 
1316 - 73: 202 9 260 43 
1316 - 76: 203 181 280 237 
1317 - 73: 202 9 262 45 
1318 - 77: 220 15 255 51 
1319 - 77: 219 17 257 57 
1319 - 78: 225 0 251 10 
1320 - 77: 221 21 257 58 
1320 - 78: 222 0 255 12 
1321 - 77: 217 22 257 63 
1321 - 78: 221 0 257 13 
1322 - 77: 216 25 257 66 
1322 - 78: 218 0 263 17 
1323 - 77: 218 31 261 73 
1323 - 78: 216 0 268 20 
1324 - 77: 216 32 262 77 
1324 - 78: 214 1 271 24 
1325 - 77: 220 36 268 82 
1325 - 78: 213 1 274 26 
1326 - 77: 224 39 274 87 
1327 - 77: 226 45 277 93 
1328 - 77: 228 48 281 99 
1329 - 77: 230 51 286 104 
1329 - 79: 233 0 271 38 
1330 - 77: 231 55 289 111 
1330 - 79: 236 3 273 39 
1331 - 77: 234 60 293 118 
1331 - 79: 240 6 274 40 
1332 - 77: 236 65 298 126 
1332 - 79: 241 8 276 42 
1333 - 77: 238 71 303 134 
1333 - 79: 243 11 281 48 
1334 - 77: 241 76 309 143 
1334 - 79: 243 13 284 53 
1335 - 77: 244 81 315 150 
1335 - 79: 245 18 288 58 
1336 - 77: 248 89 320 160 
1336 - 79: 249 21 291 61 
1337 - 77: 252 95 327 168 
1337 - 79: 251 24 295 65 
1338 - 77: 253 98 337 181 
1338 - 79: 251 26 299 70 
1339 - 77: 254 105 345 197 
1339 - 79: 251 30 301 76 
1340 - 77: 260 116 350 207 
1340 - 79: 254 35 304 81 
1341 - 77: 262 123 359 222 
1341 - 79: 255 37 309 87 
1342 - 77: 267 131 368 233 
1342 - 79: 255 38 316 93 
1343 - 77: 269 136 373 242 
1343 - 79: 257 42 321 100 
1344 - 79: 259 47 325 106 
1345 - 79: 261 50 331 115 
1346 - 79: 265 57 335 121 
1347 - 79: 270 62 342 128 
1348 - 79: 274 69 349 138 
1349 - 79: 275 72 357 150 
1350 - 79: 277 79 363 161 
1351 - 79: 279 83 368 167 
1353 - 79: 293 103 391 194 
1354 - 79: 296 109 404 211 
1355 - 79: 303 120 414 224 
1356 - 79: 306 125 420 232 
1381 - 80: 177 0 202 10 
1382 - 80: 175 0 203 10 
1383 - 80: 174 0 205 12 
1384 - 80: 173 0 207 13 
1385 - 80: 171 0 209 15 
1386 - 80: 171 0 211 16 
1387 - 80: 169 0 214 19 
1388 - 80: 168 0 216 20 
1389 - 80: 168 0 218 22 
1390 - 80: 167 0 220 24 
1391 - 80: 166 0 223 27 
1392 - 80: 166 0 224 28 
1393 - 80: 169 1 224 29 
1394 - 80: 168 1 225 32 
1395 - 80: 169 3 225 34 
1396 - 80: 171 4 225 36 
1397 - 80: 170 6 225 39 
1398 - 80: 170 8 226 43 
1399 - 80: 170 9 227 46 
1400 - 80: 172 11 226 48 
1401 - 80: 172 14 225 51 
1402 - 80: 172 15 227 54 
1403 - 80: 173 18 227 58 
1404 - 80: 174 21 228 62 
1405 - 80: 175 24 228 65 
1406 - 80: 175 25 228 68 
1407 - 80: 175 27 229 72 
1408 - 80: 176 32 230 76 
1409 - 80: 178 35 231 79 
1410 - 80: 179 37 232 82 
1411 - 80: 180 39 234 86 
1412 - 80: 179 41 235 91 
1413 - 80: 180 46 237 97 
1414 - 80: 182 50 238 101 
1415 - 80: 181 54 239 107 
1416 - 80: 181 59 241 114 
1417 - 80: 182 63 240 118 
1418 - 80: 180 66 242 125 
1419 - 80: 182 72 245 132 
1420 - 80: 183 74 248 137 
1421 - 80: 183 78 250 143 
1422 - 80: 185 86 252 152 
1423 - 80: 186 91 254 159 
1424 - 80: 184 93 259 168 
1425 - 80: 183 96 264 179 
1426 - 80: 183 101 267 190 
1427 - 80: 184 106 272 200 
1428 - 80: 185 115 277 215 
1429 - 80: 186 121 280 225 
1430 - 80: 188 130 282 236 
1431 - 80: 193 137 285 240 
1432 - 80: 199 145 284 242 
1433 - 80: 202 153 281 241 
1434 - 80: 204 158 283 247 
1436 - 81: 204 187 291 238 
1463 - 82: 169 0 197 9 
1464 - 82: 168 0 198 9 
1465 - 82: 166 0 201 11 
1466 - 82: 165 0 203 12 
1467 - 82: 162 0 207 15 
1468 - 82: 159 0 211 18 
1469 - 82: 157 0 214 20 
1470 - 82: 158 0 217 22 
1471 - 82: 154 0 222 26 
1472 - 82: 152 0 226 29 
1473 - 82: 152 0 228 31 
1474 - 82: 149 0 231 36 
1475 - 82: 152 1 229 37 
1476 - 82: 154 3 228 39 
1477 - 82: 154 5 229 44 
1478 - 82: 155 7 230 48 
1479 - 82: 154 10 231 53 
1480 - 82: 158 15 229 57 
1481 - 82: 159 17 229 60 
1482 - 82: 159 19 230 64 
1483 - 82: 161 22 231 69 
1484 - 82: 164 29 230 75 
1485 - 82: 165 32 231 80 
1486 - 82: 165 36 231 85 
1487 - 82: 165 38 235 91 
1488 - 82: 166 43 235 98 
1489 - 82: 167 48 237 105 
1490 - 82: 166 51 240 113 
1491 - 82: 167 56 242 121 
1492 - 82: 164 57 246 130 
1493 - 82: 167 66 247 139 
1494 - 82: 169 74 247 146 
1495 - 82: 168 79 251 158 
1496 - 82: 170 87 254 168 
1497 - 82: 169 91 260 181 
1498 - 82: 169 98 264 195 
1499 - 82: 170 113 267 213 
1500 - 82: 172 119 273 227 
1501 - 82: 176 129 276 237 
1502 - 82: 182 137 279 243 
1503 - 82: 189 147 276 242 
1504 - 82: 197 164 271 243 
1505 - 82: 205 178 268 243 
1506 - 82: 214 195 265 242 
1507 - 82: 219 204 265 247 
1528 - 83: 182 0 207 10 
1529 - 83: 182 0 207 10 
1530 - 83: 181 0 210 11 
1531 - 83: 179 0 214 14 
1532 - 83: 177 0 217 16 
1533 - 83: 175 0 220 18 
1534 - 83: 174 0 222 20 
1535 - 83: 173 0 223 22 
1536 - 83: 172 0 227 25 
1537 - 83: 170 0 228 27 
1538 - 83: 170 0 229 29 
1539 - 83: 171 1 229 30 
1540 - 83: 171 2 230 33 
1541 - 83: 172 4 230 36 
1542 - 83: 174 5 233 38 
1543 - 83: 176 7 234 42 
1544 - 83: 177 9 233 44 
1545 - 83: 177 11 234 47 
1546 - 83: 179 13 233 50 
1547 - 83: 179 16 234 54 
1548 - 83: 181 20 233 56 
1549 - 83: 181 21 234 59 
1550 - 83: 182 24 236 64 
1551 - 83: 181 27 238 70 
1552 - 83: 184 31 240 74 
1553 - 83: 186 35 240 78 
1554 - 83: 186 38 241 81 
1555 - 83: 186 40 242 86 
1556 - 83: 187 44 246 93 
1557 - 83: 187 47 247 97 
1558 - 83: 186 47 250 102 
1559 - 83: 187 50 253 108 
1560 - 83: 188 57 253 114 
1561 - 83: 189 60 255 120 
1562 - 83: 190 66 257 127 
1563 - 83: 193 74 258 133 
1564 - 83: 195 79 263 142 
1565 - 83: 195 81 266 149 
1566 - 83: 197 90 269 159 
1567 - 83: 198 94 273 166 
1568 - 83: 197 98 280 179 
1569 - 83: 199 106 284 191 
1570 - 83: 199 109 292 203 
1571 - 83: 198 117 297 218 
1572 - 83: 199 123 302 230 
1573 - 83: 203 132 304 239 
1574 - 83: 209 141 305 242 
1575 - 83: 216 151 300 239 
1576 - 83: 218 157 303 245 
1587 - 84: 221 0 250 12 
1588 - 84: 220 0 251 12 
1589 - 84: 219 0 254 14 
1590 - 84: 218 0 257 17 
1591 - 84: 216 0 263 20 
1592 - 84: 216 0 267 21 
1593 - 84: 216 1 270 25 
1594 - 84: 216 0 275 27 
1595 - 84: 215 0 279 30 
1596 - 84: 214 1 282 34 
1597 - 84: 216 2 283 36 
1598 - 84: 218 4 283 38 
1599 - 84: 221 7 283 41 
1600 - 84: 225 9 285 43 
1601 - 84: 227 12 287 47 
1602 - 84: 229 15 288 50 
1603 - 84: 234 18 290 52 
1604 - 84: 235 21 294 57 
1605 - 84: 237 24 297 62 
1606 - 84: 238 26 302 67 
1607 - 84: 240 29 305 72 
1608 - 84: 243 33 307 77 
1609 - 84: 245 37 311 82 
1610 - 84: 246 40 314 88 
1611 - 84: 247 41 319 93 
1612 - 84: 250 46 322 100 
1613 - 84: 252 49 327 106 
1614 - 84: 254 55 330 114 
1615 - 84: 259 61 336 121 
1616 - 84: 260 64 340 126 
1617 - 84: 264 72 347 138 
1618 - 84: 269 79 353 146 
1619 - 84: 274 88 357 155 
1620 - 84: 281 95 363 162 
1621 - 84: 283 99 368 168 
1666 - 85: 174 0 204 7 
1667 - 85: 173 0 207 7 
1668 - 85: 172 0 209 8 
1669 - 85: 170 0 211 9 
1670 - 85: 169 0 213 10 
1671 - 85: 167 0 215 11 
1672 - 85: 166 0 216 12 
1673 - 85: 165 0 217 13 
1674 - 85: 166 0 217 14 
1675 - 85: 164 0 219 15 
1676 - 85: 164 0 220 16 
1677 - 85: 164 0 221 17 
1678 - 85: 164 0 222 18 
1679 - 85: 166 0 222 19 
1680 - 85: 165 0 223 20 
1681 - 85: 166 0 223 21 
1682 - 85: 168 1 222 23 
1683 - 85: 167 2 223 25 
1684 - 85: 168 2 223 26 
1685 - 85: 169 2 224 27 
1686 - 85: 170 3 223 28 
1687 - 85: 171 3 223 29 
1688 - 85: 170 3 224 32 
1689 - 85: 171 4 224 34 
1690 - 85: 172 4 225 35 
1691 - 85: 172 6 224 37 
1692 - 85: 173 7 223 38 
1693 - 85: 174 8 224 41 
1694 - 85: 174 9 224 43 
1695 - 85: 176 10 223 44 
1696 - 85: 177 13 222 45 
1697 - 85: 179 16 221 47 
1698 - 85: 179 17 222 50 
1699 - 85: 179 18 223 52 
1700 - 85: 182 21 224 54 
1701 - 85: 183 22 225 56 
1702 - 85: 184 24 226 60 
1703 - 85: 185 25 226 61 
1704 - 85: 185 28 227 63 
1705 - 85: 185 29 227 65 
1706 - 85: 186 31 228 68 
1707 - 85: 186 32 229 70 
1708 - 85: 187 35 230 74 
1709 - 85: 187 36 231 76 
1710 - 85: 187 37 232 79 
1711 - 85: 187 40 233 82 
1712 - 85: 187 42 234 86 
1713 - 85: 188 43 236 88 
1714 - 85: 189 46 237 93 
1715 - 85: 189 48 239 96 
1716 - 85: 189 50 239 99 
1717 - 85: 190 53 240 101 
1718 - 85: 190 55 240 105 
1719 - 85: 190 55 243 108 
1720 - 85: 192 61 243 112 
1721 - 85: 193 64 244 116 
1722 - 85: 193 69 245 121 
1723 - 85: 194 72 246 124 
1724 - 85: 194 76 248 131 
1725 - 85: 195 78 249 134 
1726 - 85: 194 81 251 140 
1727 - 85: 194 84 253 145 
1728 - 85: 196 90 254 150 
1729 - 85: 196 93 257 156 
1730 - 85: 197 96 260 163 
1731 - 85: 197 98 263 167 
1732 - 85: 198 103 264 174 
1733 - 85: 199 109 265 179 
1734 - 85: 200 112 269 185 
1735 - 85: 200 114 274 193 
1736 - 85: 200 118 278 203 
1736 - 86: 163 0 192 8 
1737 - 85: 201 124 281 212 
1737 - 86: 159 0 195 9 
1738 - 85: 201 128 284 220 
1738 - 86: 157 0 198 11 
1739 - 85: 204 133 287 226 
1739 - 86: 156 0 200 12 
1740 - 85: 204 138 291 236 
1740 - 86: 154 0 202 13 
1741 - 85: 208 144 293 240 
1741 - 86: 150 0 206 16 
1742 - 85: 213 151 294 243 
1742 - 86: 149 0 209 18 
1743 - 85: 214 155 297 249 
1743 - 86: 149 0 209 19 
1744 - 86: 149 0 210 20 
1744 - 87: 213 170 300 236 
1745 - 86: 147 1 212 24 
1745 - 87: 215 173 298 236 
1746 - 86: 145 1 214 26 
1746 - 87: 220 179 297 237 
1747 - 86: 146 1 215 28 
1747 - 87: 222 182 296 238 
1748 - 86: 145 2 216 31 
1749 - 86: 145 2 216 33 
1750 - 86: 144 4 215 36 
1750 - 88: 203 0 227 8 
1751 - 86: 145 6 216 40 
1751 - 88: 199 0 229 9 
1752 - 86: 144 6 218 43 
1752 - 88: 198 0 232 11 
1753 - 86: 146 7 217 44 
1753 - 88: 197 0 237 13 
1754 - 86: 148 11 215 48 
1754 - 88: 196 0 244 16 
1755 - 86: 147 11 216 51 
1755 - 88: 194 0 248 19 
1756 - 86: 147 12 216 54 
1756 - 88: 194 0 253 21 
1757 - 86: 148 16 215 58 
1757 - 88: 192 0 259 25 
1758 - 86: 150 19 215 62 
1758 - 88: 191 0 265 29 
1759 - 86: 150 22 215 67 
1759 - 88: 193 1 268 32 
1760 - 86: 148 24 214 71 
1760 - 88: 194 2 269 35 
1761 - 86: 150 30 212 76 
1761 - 88: 200 5 272 38 
1762 - 86: 150 33 212 81 
1762 - 88: 203 8 273 41 
1763 - 86: 152 37 211 84 
1763 - 88: 206 10 274 43 
1764 - 86: 152 39 211 88 
1764 - 88: 209 14 274 48 
1765 - 86: 150 45 211 95 
1765 - 88: 210 18 281 56 
1766 - 86: 151 47 212 99 
1766 - 88: 213 21 284 60 
1767 - 86: 151 52 212 105 
1767 - 88: 216 24 286 64 
1768 - 86: 148 54 214 112 
1768 - 88: 217 27 290 70 
1769 - 86: 149 60 213 118 
1769 - 88: 217 30 293 76 
1770 - 86: 148 64 214 125 
1770 - 88: 222 34 299 81 
1771 - 86: 149 67 215 130 
1771 - 88: 226 40 302 88 
1772 - 86: 147 74 215 139 
1772 - 88: 231 45 306 96 
1773 - 86: 148 78 217 145 
1773 - 88: 235 51 311 103 
1774 - 86: 143 82 221 159 
1774 - 88: 239 58 316 112 
1775 - 86: 143 88 222 168 
1775 - 88: 244 65 323 121 
1776 - 86: 141 96 222 179 
1776 - 88: 247 71 328 131 
1777 - 86: 141 101 225 190 
1777 - 88: 251 78 337 142 
1778 - 86: 140 109 225 201 
1778 - 88: 256 87 344 154 
1778 - 89: 201 0 227 10 
1779 - 86: 138 119 226 215 
1779 - 88: 262 95 352 165 
1779 - 89: 201 0 226 10 
1780 - 86: 135 124 228 228 
1780 - 88: 264 99 367 182 
1780 - 89: 200 0 228 10 
1781 - 86: 136 134 229 238 
1781 - 88: 270 111 374 195 
1781 - 89: 199 0 229 11 
1782 - 86: 140 141 228 242 
1782 - 88: 277 123 387 214 
1782 - 89: 199 0 230 12 
1783 - 86: 144 151 225 243 
1783 - 88: 289 137 402 231 
1783 - 89: 199 0 232 13 
1784 - 86: 149 165 218 242 
1784 - 88: 304 148 412 236 
1784 - 89: 197 0 235 15 
1785 - 86: 149 172 218 249 
1785 - 88: 315 161 415 242 
1785 - 89: 196 0 238 17 
1786 - 88: 320 168 423 251 
1786 - 89: 195 0 240 19 
1787 - 89: 195 0 241 20 
1788 - 89: 194 0 242 21 
1789 - 89: 193 0 245 24 
1790 - 89: 192 0 246 27 
1791 - 89: 193 1 248 29 
1792 - 89: 195 1 249 30 
1793 - 89: 195 2 250 32 
1794 - 89: 196 2 251 34 
1795 - 89: 198 3 250 35 
1796 - 89: 201 5 248 34 
1797 - 89: 200 7 250 39 
1798 - 89: 200 7 251 41 
1799 - 90: 210 12 242 44 
1800 - 90: 209 14 242 48 
1801 - 90: 208 16 243 52 
1802 - 90: 207 17 245 54 
1803 - 90: 207 19 246 58 
1804 - 90: 206 20 246 61 
1805 - 90: 209 25 249 66 
1806 - 90: 209 25 252 68 
1807 - 90: 209 24 254 71 
1808 - 90: 211 29 255 75 
1809 - 90: 212 32 255 78 
1810 - 90: 212 33 258 82 
1811 - 90: 212 36 258 85 
1812 - 90: 212 37 260 89 
1813 - 90: 212 44 260 94 
1814 - 90: 213 46 262 99 
1815 - 90: 214 49 264 103 
1816 - 90: 214 53 266 109 
1817 - 90: 216 57 268 114 
1818 - 90: 217 61 269 118 
1819 - 90: 217 65 271 124 
1820 - 90: 217 66 275 130 
1821 - 90: 219 72 275 135 
1822 - 90: 220 77 278 141 
1823 - 90: 221 80 281 148 
1824 - 90: 222 88 283 157 
1825 - 90: 223 93 285 163 
1826 - 90: 224 102 287 172 
1827 - 90: 226 108 289 178 
1828 - 90: 223 111 295 191 
1829 - 90: 220 112 299 201 
1830 - 90: 220 118 305 215 
1831 - 90: 221 122 311 226 
1832 - 90: 225 131 314 236 
1833 - 90: 229 137 317 242 
1834 - 90: 230 142 320 249 
1884 - 91: 155 0 181 10 
1885 - 91: 152 0 182 11 
1886 - 91: 152 0 183 12 
1887 - 91: 150 0 186 14 
1888 - 91: 148 0 189 16 
1889 - 91: 146 0 191 18 
1890 - 91: 147 0 195 19 
1891 - 91: 146 0 197 21 
1895 - 92: 158 0 187 33 
1896 - 92: 156 0 187 34 
1897 - 92: 157 0 188 35 
1898 - 92: 156 2 188 39 
1899 - 92: 155 3 189 41 
1900 - 92: 155 4 189 43 
1901 - 92: 153 5 190 47 
1902 - 92: 153 6 191 49 
1904 - 92: 153 13 194 60 
1905 - 92: 152 14 196 65 
1906 - 92: 151 16 196 69 
1907 - 92: 151 19 197 72 
1908 - 92: 150 24 197 80 
1908 - 93: 178 0 202 8 
1909 - 92: 150 26 198 84 
1909 - 93: 177 0 203 8 
1910 - 92: 149 30 197 87 
1910 - 93: 175 0 206 10 
1911 - 92: 148 30 200 93 
1911 - 93: 173 0 208 11 
1912 - 92: 147 36 200 100 
1912 - 93: 173 0 209 12 
1913 - 92: 147 40 200 106 
1913 - 93: 173 0 210 13 
1914 - 92: 149 44 202 111 
1914 - 93: 171 0 214 15 
1915 - 92: 146 51 202 120 
1915 - 93: 170 0 217 17 
1916 - 92: 145 54 202 126 
1916 - 93: 169 0 219 18 
1916 - 94: 219 0 247 12 
1917 - 92: 146 59 204 133 
1917 - 93: 169 0 220 20 
1917 - 94: 218 0 248 12 
1918 - 92: 144 64 206 143 
1918 - 93: 169 2 219 23 
1918 - 94: 220 0 250 13 
1919 - 92: 145 67 211 151 
1919 - 93: 169 3 220 24 
1919 - 94: 218 0 255 16 
1920 - 92: 145 73 213 162 
1920 - 93: 168 2 222 26 
1920 - 94: 218 0 259 18 
1921 - 92: 141 84 213 179 
1921 - 93: 165 1 226 29 
1921 - 94: 218 0 261 19 
1922 - 92: 142 87 216 186 
1922 - 93: 165 0 227 30 
1922 - 94: 218 0 263 20 
1923 - 92: 141 97 219 201 
1923 - 93: 166 2 227 32 
1923 - 94: 218 0 265 22 
1924 - 92: 140 100 221 211 
1924 - 93: 168 5 226 35 
1924 - 94: 218 0 267 23 
1925 - 92: 138 108 224 227 
1925 - 93: 168 5 227 38 
1925 - 94: 219 1 271 26 
1926 - 92: 137 114 225 237 
1926 - 93: 170 7 226 40 
1926 - 94: 220 1 274 29 
1927 - 92: 141 126 224 242 
1927 - 93: 170 8 227 42 
1927 - 94: 219 1 277 32 
1928 - 92: 143 133 224 245 
1928 - 93: 171 9 227 44 
1928 - 94: 220 1 278 34 
1929 - 92: 143 138 225 253 
1929 - 93: 173 12 227 47 
1929 - 94: 220 1 281 36 
1930 - 93: 174 14 227 49 
1930 - 95: 134 158 234 233 
1931 - 93: 175 16 227 51 
1931 - 95: 141 170 229 236 
1932 - 93: 176 19 228 56 
1932 - 95: 149 183 222 238 
1932 - 96: 239 8 276 42 
1933 - 93: 177 20 228 58 
1933 - 95: 160 201 210 237 
1933 - 96: 239 14 275 47 
1934 - 93: 178 22 228 60 
1934 - 95: 168 212 202 237 
1934 - 96: 237 10 278 48 
1935 - 93: 178 23 229 64 
1935 - 96: 235 9 280 50 
1936 - 93: 178 26 231 68 
1936 - 97: 243 9 284 59 
1937 - 93: 179 31 231 73 
1937 - 96: 241 16 287 59 
1938 - 93: 180 34 232 77 
1938 - 96: 243 18 290 62 
1939 - 93: 181 37 234 81 
1939 - 96: 244 21 292 67 
1940 - 93: 182 39 236 85 
1940 - 96: 246 25 294 72 
1941 - 93: 182 41 237 88 
1941 - 96: 251 31 297 76 
1942 - 93: 182 45 238 95 
1942 - 96: 253 35 299 80 
1943 - 93: 184 51 239 100 
1943 - 96: 253 36 303 85 
1944 - 93: 186 55 240 103 
1944 - 96: 258 45 306 91 
1945 - 93: 187 61 242 111 
1945 - 96: 259 48 310 96 
1946 - 93: 186 62 244 116 
1946 - 96: 259 47 315 100 
1947 - 93: 187 65 246 121 
1947 - 96: 259 47 319 105 
1948 - 93: 188 68 249 126 
1948 - 96: 260 49 322 109 
1949 - 93: 188 74 250 134 
1949 - 96: 265 56 328 117 
1950 - 93: 188 78 253 141 
1950 - 96: 266 57 335 124 
1951 - 93: 188 81 255 146 
1951 - 96: 269 60 339 129 
1952 - 93: 189 88 258 156 
1952 - 96: 273 68 342 137 
1953 - 93: 190 93 260 163 
1953 - 96: 276 71 349 144 
1954 - 93: 188 97 264 174 
1954 - 96: 282 76 353 146 
1955 - 93: 190 103 269 183 
1955 - 96: 283 80 363 160 
1956 - 93: 191 109 274 194 
1956 - 96: 289 88 368 168 
1957 - 93: 192 115 277 204 
1957 - 96: 293 98 373 179 
1958 - 93: 192 122 280 216 
1958 - 96: 297 108 380 192 
1959 - 93: 193 128 285 229 
1959 - 96: 302 113 392 205 
1960 - 93: 196 136 287 237 
1960 - 96: 305 118 397 212 
1961 - 93: 202 143 291 241 
1961 - 96: 314 133 408 228 
1962 - 93: 211 154 288 237 
1962 - 96: 320 138 417 235 
1963 - 93: 218 168 287 239 
1963 - 96: 327 141 421 234 
1964 - 93: 224 176 286 238 
1964 - 96: 331 146 427 242 
1965 - 93: 228 186 285 240 
1965 - 98: 185 0 209 10 
1966 - 93: 232 193 286 244 
1966 - 98: 185 0 209 10 
1967 - 98: 182 0 212 12 
1968 - 98: 181 0 214 13 
1969 - 98: 182 0 215 14 
1970 - 98: 181 0 218 15 
1971 - 98: 181 0 219 17 
1972 - 98: 179 0 222 19 
1973 - 98: 178 0 223 20 
1974 - 98: 178 0 225 22 
1975 - 98: 177 0 226 25 
1976 - 98: 177 0 228 26 
1977 - 98: 179 1 229 28 
1978 - 98: 180 2 230 29 
1979 - 98: 181 3 231 32 
1980 - 98: 181 4 232 34 
1981 - 98: 182 6 232 37 
1982 - 98: 183 7 232 38 
1983 - 98: 182 8 233 42 
1984 - 98: 184 12 232 45 
1985 - 98: 185 12 232 45 
1986 - 98: 187 16 231 48 
1987 - 98: 187 18 233 52 
1988 - 98: 189 20 235 55 
1989 - 98: 190 22 236 57 
1990 - 98: 191 24 236 60 
1991 - 98: 192 27 238 64 
1992 - 98: 194 31 238 67 
1993 - 98: 193 33 241 73 
1994 - 98: 193 35 241 76 
1995 - 98: 193 36 242 78 
1996 - 98: 194 39 244 82 
1997 - 98: 194 42 247 87 
1998 - 98: 195 43 248 90 
1999 - 98: 196 45 252 96 
2000 - 98: 197 49 252 99 
2001 - 98: 198 53 255 106 
2002 - 98: 198 56 255 109 
2003 - 98: 202 63 256 114 
2004 - 98: 202 66 259 120 
2005 - 98: 201 67 263 126 
2006 - 98: 204 73 265 132 
2007 - 98: 204 76 268 138 
2008 - 98: 205 81 271 146 
2009 - 98: 207 87 273 152 
2010 - 98: 208 92 277 161 
2011 - 98: 210 99 282 171 
2012 - 98: 213 106 284 177 
2013 - 98: 213 111 290 190 
2014 - 98: 211 113 296 200 
2015 - 98: 213 122 301 213 
2016 - 98: 214 123 308 222 
2017 - 98: 216 132 312 234 
2018 - 98: 219 136 316 240 
2019 - 98: 227 147 313 238 
2020 - 98: 236 158 309 234 
2021 - 98: 238 168 309 239 
2022 - 98: 241 174 311 245 
2053 - 99: 221 0 244 9 
2054 - 99: 219 0 246 10 
2055 - 99: 219 0 249 11 
2056 - 99: 219 0 251 12 
2057 - 99: 217 0 255 15 
2058 - 99: 217 0 258 16 
2059 - 99: 216 0 261 18 
2060 - 99: 216 0 263 19 
2061 - 99: 216 0 266 21 
2062 - 99: 216 0 268 23 
2063 - 99: 217 0 273 26 
2064 - 99: 217 0 275 29 
2065 - 99: 217 1 277 32 
2066 - 99: 217 1 279 34 
2067 - 99: 220 3 279 36 
2068 - 99: 221 6 280 39 
2069 - 99: 223 8 280 42 
2070 - 99: 227 11 280 43 
2071 - 99: 231 13 283 46 
2071 - 100: 161 0 186 8 
2072 - 99: 232 16 284 50 
2072 - 100: 160 0 188 8 
2073 - 99: 234 20 286 54 
2073 - 100: 160 0 188 9 
2074 - 99: 235 21 291 59 
2074 - 100: 158 0 190 10 
2075 - 99: 235 23 293 62 
2075 - 100: 156 0 192 11 
2076 - 100: 155 0 195 13 
2076 - 101: 247 27 292 68 
2077 - 100: 152 0 199 16 
2077 - 101: 246 28 295 73 
2078 - 99: 243 33 303 75 
2078 - 100: 150 0 200 17 
2079 - 99: 245 36 305 78 
2079 - 100: 149 0 201 18 
2080 - 99: 247 38 309 83 
2080 - 100: 147 0 203 21 
2081 - 99: 248 40 313 88 
2081 - 100: 147 0 203 22 
2082 - 99: 251 44 317 94 
2082 - 100: 147 0 205 23 
2083 - 99: 254 49 320 99 
2083 - 100: 149 1 204 25 
2084 - 99: 255 51 324 105 
2084 - 100: 147 1 206 27 
2085 - 99: 258 57 326 113 
2085 - 100: 148 1 206 28 
2086 - 99: 259 61 327 117 
2086 - 100: 149 2 205 30 
2087 - 99: 264 66 335 125 
2087 - 100: 149 3 205 32 
2088 - 99: 265 67 344 135 
2088 - 100: 149 5 206 35 
2089 - 99: 268 74 348 143 
2089 - 100: 149 6 206 38 
2090 - 99: 270 77 355 152 
2090 - 100: 150 8 206 40 
2091 - 99: 273 82 361 161 
2091 - 100: 150 9 207 44 
2091 - 102: 221 0 244 10 
2092 - 99: 282 91 364 167 
2092 - 100: 151 11 206 46 
2092 - 102: 219 0 244 10 
2093 - 99: 282 93 375 181 
2093 - 100: 151 13 205 48 
2093 - 102: 218 0 245 11 
2094 - 99: 288 105 380 192 
2094 - 100: 153 15 204 50 
2094 - 102: 218 0 245 12 
2095 - 99: 292 109 392 206 
2095 - 100: 152 16 205 53 
2095 - 102: 219 0 248 12 
2096 - 99: 297 118 400 219 
2096 - 100: 150 14 209 56 
2096 - 102: 218 0 251 14 
2097 - 99: 308 132 408 228 
2097 - 100: 154 19 207 58 
2097 - 102: 218 0 255 16 
2098 - 99: 318 141 415 234 
2098 - 100: 154 22 207 62 
2098 - 102: 217 0 258 18 
2099 - 99: 326 150 419 237 
2099 - 100: 154 23 207 65 
2099 - 102: 218 0 260 19 
2100 - 99: 332 162 420 243 
2100 - 100: 154 24 208 68 
2100 - 102: 217 0 262 21 
2101 - 99: 336 168 425 250 
2101 - 100: 155 27 208 71 
2101 - 102: 217 0 264 24 
2102 - 100: 155 32 206 75 
2102 - 102: 217 0 266 26 
2103 - 100: 156 36 206 79 
2103 - 102: 217 2 266 28 
2104 - 100: 158 40 207 83 
2104 - 102: 218 2 267 29 
2105 - 100: 159 43 207 86 
2105 - 102: 219 4 269 32 
2106 - 100: 158 47 208 92 
2106 - 102: 221 4 271 34 
2106 - 103: 172 0 200 7 
2107 - 100: 158 51 208 96 
2107 - 102: 222 6 273 37 
2107 - 103: 170 0 202 7 
2108 - 100: 158 54 208 100 
2108 - 102: 224 8 273 38 
2108 - 103: 168 0 205 9 
2109 - 100: 158 57 210 105 
2109 - 102: 225 9 275 41 
2109 - 103: 168 0 207 10 
2110 - 100: 156 60 211 112 
2110 - 102: 226 11 276 44 
2110 - 103: 166 0 210 11 
2111 - 100: 156 63 212 116 
2111 - 102: 229 12 278 46 
2111 - 103: 165 0 211 12 
2112 - 100: 157 67 214 121 
2112 - 102: 230 15 278 47 
2112 - 103: 163 0 213 13 
2113 - 100: 156 70 215 127 
2113 - 102: 232 17 280 51 
2113 - 103: 160 0 217 16 
2114 - 100: 157 76 216 133 
2114 - 102: 234 18 281 53 
2114 - 103: 160 0 218 17 
2115 - 100: 156 81 217 141 
2115 - 102: 235 21 283 56 
2115 - 103: 159 0 220 18 
2116 - 100: 154 82 219 148 
2116 - 102: 236 23 284 59 
2116 - 103: 160 0 222 19 
2117 - 100: 155 91 220 157 
2117 - 102: 239 26 287 63 
2117 - 103: 159 0 224 21 
2118 - 100: 156 96 220 162 
2118 - 102: 240 28 291 67 
2118 - 103: 159 0 224 22 
2119 - 100: 158 108 222 173 
2119 - 102: 242 31 294 71 
2119 - 103: 158 0 226 25 
2120 - 100: 153 106 229 184 
2120 - 102: 246 34 296 74 
2120 - 103: 157 0 226 27 
2121 - 100: 151 110 232 196 
2121 - 102: 247 34 299 77 
2121 - 103: 158 1 227 29 
2122 - 100: 151 116 234 206 
2122 - 102: 247 37 300 80 
2122 - 103: 159 1 226 30 
2123 - 100: 150 124 235 217 
2123 - 102: 247 39 302 84 
2123 - 103: 159 3 226 33 
2124 - 100: 152 129 239 226 
2124 - 102: 249 41 306 88 
2124 - 103: 159 3 227 35 
2125 - 100: 154 137 241 236 
2125 - 102: 252 47 307 93 
2125 - 103: 160 5 227 38 
2126 - 100: 156 141 243 241 
2126 - 102: 254 50 309 96 
2126 - 103: 162 7 227 40 
2127 - 100: 161 149 242 240 
2127 - 102: 257 54 313 101 
2127 - 103: 162 8 227 43 
2128 - 100: 165 159 238 239 
2128 - 102: 258 56 317 107 
2128 - 103: 165 9 227 45 
2129 - 100: 168 172 233 240 
2129 - 102: 261 60 321 112 
2129 - 103: 166 11 227 48 
2130 - 100: 172 183 229 240 
2130 - 102: 262 64 324 118 
2130 - 103: 166 12 228 50 
2131 - 100: 176 195 226 242 
2131 - 102: 264 68 328 125 
2131 - 103: 169 15 227 52 
2132 - 100: 183 206 222 238 
2132 - 102: 267 73 333 132 
2132 - 103: 170 18 228 56 
2133 - 100: 187 215 219 240 
2133 - 102: 269 75 338 137 
2133 - 103: 171 20 228 60 
2134 - 102: 272 80 342 143 
2134 - 103: 173 23 228 62 
2135 - 102: 275 85 347 151 
2135 - 103: 174 25 228 65 
2136 - 102: 278 90 351 158 
2136 - 103: 174 27 229 69 
2137 - 102: 280 94 357 167 
2137 - 103: 174 29 230 72 
2138 - 102: 284 100 362 174 
2138 - 103: 176 33 230 76 
2139 - 102: 290 108 366 179 
2139 - 103: 178 36 231 79 
2140 - 102: 291 112 375 192 
2140 - 103: 179 40 232 84 
2141 - 102: 296 118 382 201 
2141 - 103: 179 42 233 88 
2142 - 102: 296 122 392 216 
2142 - 103: 178 45 236 94 
2143 - 102: 304 133 399 226 
2143 - 103: 178 47 236 98 
2144 - 102: 312 143 407 233 
2144 - 103: 180 51 237 101 
2145 - 102: 321 153 409 235 
2145 - 103: 181 55 239 106 
2146 - 102: 329 159 411 233 
2146 - 103: 183 59 241 112 
2147 - 102: 334 168 413 239 
2147 - 103: 183 63 242 116 
2148 - 102: 342 176 415 240 
2148 - 103: 182 67 243 123 
2149 - 102: 348 186 415 241 
2149 - 103: 183 73 246 130 
2150 - 102: 354 193 418 246 
2150 - 103: 183 75 248 136 
2151 - 103: 182 78 251 144 
2152 - 103: 185 86 252 151 
2153 - 103: 182 86 258 160 
2154 - 103: 183 90 262 167 
2155 - 103: 185 95 265 175 
2156 - 103: 185 101 267 184 
2157 - 103: 187 107 271 194 
2158 - 103: 188 113 275 205 
2159 - 103: 187 119 280 218 
2160 - 103: 190 131 283 232 
2161 - 103: 194 137 286 238 
2162 - 103: 197 143 287 242 
2163 - 103: 206 152 286 240 
2164 - 103: 213 164 285 240 
2165 - 103: 219 171 286 239 
2166 - 103: 223 181 284 239 
2167 - 103: 226 192 279 239 
2168 - 103: 230 199 279 243 
